122
2112
8647
594
7013
1187
2389
6496
2614
911
344
1445
8053
6933
5257
6058
5717
5143
5919
1373
6936
9610
8086
4054
3674
4065
613
7510
9293
5227
2058
7457
1963
6577
2399
6894
898
6153
4339
236
6083
2866
8263
9736
6074
4413
5881
3243
8236
2153
8081
7428
7191
4909
5714
9922
3967
4695
4432
4861
3392
9105
771
161
5427
4253
5653
7247
2399
2948
683
368
5527
9509
853
109
9130
901
6047
184
4352
2803
8319
9426
6777
9241
5837
1669
6660
9521
439
9803
3643
8736
6702
8467
9759
7159
9105
9344
1297
7561
970
1522
1889
7019
3113
2321
6770
4373
585
349
6921
9743
6376
3248
8355
7449
643
3331
4297
8101
2473
